------------------------------------------------------------------------------------------------------------------------------------------------------------
| Num | [_________] | Algebra | Geometry | Phylosophy | English | History | Chemistry | Biology | Programming | Physics | Literature | PhysEdu | Sociology |
|----------------------------------------------------------------------------------------------------------------------------------------------------------|
| 1   | Abzalov     | 1       | 2        | 3          | 4       | 5       | 6         | 7       | 8           | 9       | 10         | 11      | 12        |
|----------------------------------------------------------------------------------------------------------------------------------------------------------|
| 2   | Andreev     | 1       | 2        | 3          | 4       | 5       | 6         | 7       | 8           | 9       | 10         | 11      | 12        |
|----------------------------------------------------------------------------------------------------------------------------------------------------------|
| 3   | Bazarov     | 1       | 2        | 3          | 4       | 5       | 6         | 7       | 8           | 9       | 10         | 11      | 12        |
|----------------------------------------------------------------------------------------------------------------------------------------------------------|
| 4   | Vavilonskiy | 1       | 2        | 3          | 4       | 5       | 6         | 7       | 8           | 9       | 10         | 11      | 12        |
|----------------------------------------------------------------------------------------------------------------------------------------------------------|
| 5   | Gareeva     | 1       | 2        | 3          | 4       | 5       | 6         | 7       | 8           | 9       | 10         | 11      | 12        |
|----------------------------------------------------------------------------------------------------------------------------------------------------------|
| 6   | Dubrovin    | 1       | 2        | 3          | 4       | 5       | 6         | 7       | 8           | 9       | 10         | 11      | 12        |
|----------------------------------------------------------------------------------------------------------------------------------------------------------|
| 7   | Zimina      | 1       | 2        | 3          | 4       | 5       | 6         | 7       | 8           | 9       | 10         | 11      | 12        |
|----------------------------------------------------------------------------------------------------------------------------------------------------------|
| 8   | Kapina      | 1       | 2        | 3          | 4       | 5       | 6         | 7       | 8           | 9       | 10         | 11      | 12        |
|----------------------------------------------------------------------------------------------------------------------------------------------------------|
| 9   | Larionov    | 1       | 2        | 3          | 4       | 5       | 6         | 7       | 8           | 9       | 10         | 11      | 12        |
|----------------------------------------------------------------------------------------------------------------------------------------------------------|
| 10  | Miftahov    | 1       | 2        | 3          | 4       | 5       | 6         | 7       | 8           | 9       | 10         | 11      | 12        |
|----------------------------------------------------------------------------------------------------------------------------------------------------------|
| 11  | Nikitina    | 1       | 2        | 3          | 4       | 5       | 6         | 7       | 8           | 9       | 10         | 11      | 12        |
|----------------------------------------------------------------------------------------------------------------------------------------------------------|
| 12  | Prigozhin   | 1       | 2        | 3          | 4       | 5       | 6         | 7       | 8           | 9       | 10         | 11      | 12        |
|----------------------------------------------------------------------------------------------------------------------------------------------------------|
| 13  | Ryazantsev  | 1       | 2        | 3          | 4       | 5       | 6         | 7       | 8           | 9       | 10         | 11      | 12        |
|----------------------------------------------------------------------------------------------------------------------------------------------------------|
| 14  | Rung        | 1       | 2        | 3          | 4       | 5       | 6         | 7       | 8           | 9       | 10         | 11      | 12        |
|----------------------------------------------------------------------------------------------------------------------------------------------------------|
| 15  | Sashina     | 1       | 2        | 3          | 4       | 5       | 6         | 7       | 8           | 9       | 10         | 11      | 12        |
|----------------------------------------------------------------------------------------------------------------------------------------------------------|
| 16  | Sineev      | 1       | 2        | 3          | 4       | 5       | 6         | 7       | 8           | 9       | 10         | 11      | 12        |
|----------------------------------------------------------------------------------------------------------------------------------------------------------|
| 17  | Tronova     | 1       | 2        | 3          | 4       | 5       | 6         | 7       | 8           | 9       | 10         | 11      | 12        |
|----------------------------------------------------------------------------------------------------------------------------------------------------------|
| 18  | Han         | 1       | 2        | 3          | 4       | 5       | 6         | 7       | 8           | 9       | 10         | 11      | 12        |
|----------------------------------------------------------------------------------------------------------------------------------------------------------|
| 19  | Hismatulina | 1       | 2        | 3          | 4       | 5       | 6         | 7       | 8           | 9       | 10         | 11      | 12        |
|----------------------------------------------------------------------------------------------------------------------------------------------------------|
| 20  | Chapaeva    | 1       | 2        | 3          | 4       | 5       | 6         | 7       | 8           | 9       | 10         | 11      | 12        |
|----------------------------------------------------------------------------------------------------------------------------------------------------------|
| 21  | Chatskiy    | 1       | 2        | 3          | 4       | 5       | 6         | 7       | 8           | 9       | 10         | 11      | 12        |
|----------------------------------------------------------------------------------------------------------------------------------------------------------|
| 22  | Shubin      | 1       | 2        | 3          | 4       | 5       | 6         | 7       | 8           | 9       | 10         | 11      | 12        |
|----------------------------------------------------------------------------------------------------------------------------------------------------------|
| 23  | Shamutilo   | 1       | 2        | 3          | 4       | 5       | 6         | 7       | 8           | 9       | 10         | 11      | 12        |
------------------------------------------------------------------------------------------------------------------------------------------------------------